0.117267 44
0.000160 108
4.813254 1
0.036380 1
0.405319 11
0.000111 82
8.559497 1
0.054555 1
0.558624 1
0.552950 1
0.214009 1
0.148338 1
0.218082 1
0.146169 1
0.625390 1
0.359703 1
0.124117 1
0.177952 1
1.257124 1
0.243032 1
0.165658 1
0.557060 11
0.000274 108
0.347869 1
0.126498 1
0.129287 11
0.002084 98
0.000229 108
76.813981 1
0.023924 1
0.168043 11
0.000278 82
20.609893 1
0.096966 1
1.000964 1
0.578862 1
0.221066 1
0.217057 1
0.259670 1
0.295376 1
0.668992 1
0.932972 1
0.085607 1
0.122188 1
0.417064 11
0.000184 98
1.718876 1
0.095494 1
0.288024 1
0.189355 1
1.015272 1
0.074546 1
0.209939 11
0.016528 10
0.000040 278
0.000333 98
15.324886 1
0.062428 1
2.139981 1
0.193059 1
0.750154 1
0.070832 1
0.176468 1
0.199621 1
0.143031 1
0.309598 11
0.165119 31
0.000258 98
4.598152 1
0.053572 1
0.156389 1
0.161821 1
0.201405 1
1.306656 1
0.575465 4
0.162280 1
0.116356 1
0.100369 1
0.178239 1
0.116995 1
0.221719 11
0.154236 10
3.883698 2
0.438880 93
0.000727 141
0.321960 280
0.001008 2
0.001536 220
0.009421 2
0.002058 90
0.001969 7
0.154168 76
42.665006 1
0.119955 1
1.030457 1
0.292500 1
0.938736 1
0.254299 1
0.271228 1
0.568314 4
0.122131 1
0.154710 1
0.995620 1
0.075222 1
0.134875 1
0.373870 6
1.021832 1
0.157318 5
0.872928 4
0.375275 11
0.000180 110
3.118061 1
0.110043 1
0.139960 1
0.113711 1
0.148531 1
0.523624 1
0.202949 1
0.107760 1
0.181360 1
0.853275 1
0.227761 1
0.133594 1
0.178400 1
0.260239 1
0.118265 1
0.173160 1
0.191504 1
0.224253 1
0.124020 1
0.763198 11
0.014344 27
2.132289 2
0.035307 35
0.000678 110
34.286714 1
4.189505 1
1.192518 1
1.223149 1
0.520703 1
0.316346 1
0.160985 1
0.160343 1
0.225105 1
0.075168 1
0.117683 1
0.043793 1
0.081288 1
0.258237 11
0.003385 10
2.789044 2
2.543352 2
0.000409 2
0.000108 110
0.570455 13
0.503577 11
0.002987 10
1.729003 2
0.064965 159
0.000880 172
0.000184 49
0.000396 116
3.183425 1
0.090853 1
4.115166 1
0.064740 1
0.111099 1
0.763363 1
0.053034 1
0.115127 1
0.165578 1
0.376083 1
0.210936 1
0.134701 1
0.153755 1
0.268852 1
0.122652 1
0.179037 1
0.207895 1
0.152106 1
0.088198 1
1.313313 11
0.004300 30
2.818852 2
1.967151 75
0.000137 56
0.000314 271
0.000035 369
15.174326 35
0.000180 18
0.079450 19
0.103530 19
0.161534 19
0.111131 19
0.415389 19
1.079615 19
0.493821 19
0.284093 19
0.187350 19
0.116421 19
0.812319 21
0.141195 21
0.088000 19
0.100964 19
1.190738 19
0.106481 6
0.000026 13
0.183601 19
0.084248 19
0.335957 34
0.165924 19
0.099297 19
0.075419 19
0.925546 19
0.308948 19
1.583496 6
0.000067 13
0.588209 19
0.436745 19
0.300550 19
0.358401 19
0.346001 19
0.464820 21
0.156357 6
0.000061 13
0.443715 19
0.897926 19
0.418697 19
0.325493 19
2.538067 19
0.505001 6
0.000021 13
0.414227 6
0.000108 13
1.483875 19
0.265697 19
0.456080 19
3.489122 19
0.682678 6
0.000026 13
0.207601 19
0.127211 19
0.671949 19
0.249778 6
0.000026 13
0.272030 19
0.180016 6
0.000026 13
0.434987 21
0.103405 19
2.650831 19
0.352943 19
0.229455 19
0.182877 19
0.600855 21
0.149311 21
0.142360 21
0.096771 19
0.147352 19
0.349049 21
0.085053 6
0.000016 13
0.282313 19
0.535507 19
0.523479 19
0.065969 19
0.067521 19
0.331887 19
0.095489 19
0.057424 19
0.156933 19
1.354213 19
1.330717 19
0.854415 19
1.208088 19
0.666760 21
0.203400 19
0.447686 21
0.051848 19
0.721291 21
1.643448 19
1.523245 19
0.529326 19
0.192780 19
0.120244 19
0.127184 19
0.375924 21
0.125880 21
0.099498 19
0.083161 19
0.107530 6
0.000162 13
0.798522 19
0.324451 19
0.278218 19
1.622498 19
2.455029 19
0.718703 6
0.000018 13
0.310865 19
1.518071 19
0.794975 19
1.406993 6
0.000024 15
0.207318 19
0.398528 6
0.000042 13
0.544352 19
0.081720 19
0.101272 19
0.074343 19
0.798861 19
0.202615 19
0.201050 19
1.086311 6
0.000104 13
0.819961 19
6.088388 18
0.000033 1
0.803617 19
1.778270 19
1.250862 19
0.305737 6
0.000030 13
0.354964 19
0.117948 6
0.000193 13
0.087035 6
0.000026 13
0.070644 6
0.000056 13
0.492462 6
0.000046 13
0.308079 6
0.000026 13
0.274315 6
0.000013 13
0.234811 6
0.000027 13
2.274734 23
0.706379 6
0.000145 20
0.345742 21
0.634772 19
0.729652 19
0.622086 23
1.441628 19
0.120346 19
0.071180 19
0.078185 19
0.115357 6
0.000025 13
0.615173 19
0.247054 19
0.981702 19
0.760998 21
0.555834 6
0.000025 15
0.856670 21
0.265432 21
0.305970 22
0.196602 19
1.489220 21
0.175579 6
0.000074 16
0.500825 21
0.221258 21
0.373664 6
0.003590 16
0.431462 21
0.000282 18
0.000025 1
0.682560 21
0.279987 6
0.000026 15
0.235043 22
0.438948 6
0.000025 15
0.293125 21
0.078261 6
0.000024 16
0.230999 6
0.000022 13
0.582985 6
0.000023 16
0.741615 21
0.202135 21
0.305681 21
0.117699 22
0.717596 6
0.000056 15
0.335200 6
0.000028 15
0.113226 6
0.000033 16
0.437066 6
0.000124 15
0.308088 21
0.253201 21
0.250965 21
0.542783 22
5.277033 6
0.000226 37
0.005404 88
5.073914 6
0.000324 66
0.002578 116
5.652797 3
0.915813 5
0.152754 1
0.129812 1
5.493655 38
0.770757 60
0.000170 9
0.005670 93
0.000712 141
0.247399 280
0.001189 2
0.001602 220
0.011430 116
13.730070 28
0.741497 49
0.009220 133
0.000051 39
0.000254 623
0.000231 236
3.013264 6
0.000037 65
0.001285 116
3.231090 3
0.117112 14
0.100454 27
0.007586 116
1.019412 1
0.147626 1
0.201855 11
0.001799 76
0.000259 116
11.121418 1
0.200933 1
0.290208 1
0.496339 1
0.341891 4
0.167477 4
0.241448 1
1.501447 1
0.303519 4
0.231838 1
0.195863 1
0.454553 1
0.129491 1
0.331952 1
0.200181 9
0.545314 11
0.188188 23
0.010408 116
2.080223 1
0.086603 1
0.415265 1
0.102618 1
1.222411 4
0.430750 1
0.144062 1
0.441558 1
0.431051 4
0.283884 1
0.348939 1
0.144948 6
0.210606 11
0.002621 53
4.299885 2
0.000442 116
1.354045 1
0.078290 1
0.049562 11
0.003823 76
0.000753 116
1.811582 2
0.114215 1
0.599208 14
0.354928 1
0.531775 1
0.030471 1
0.030368 1
0.030591 1
0.029728 1
0.043181 1
0.030925 1
0.029300 1
0.030116 1
0.906696 5
0.993642 5
0.206056 5
0.340310 5
0.086441 5
0.037327 5
0.244763 11
0.002838 116
0.862805 1
0.035980 1
0.117055 11
0.001566 65
0.000248 116
9.085333 30
0.537825 53
0.000029 116
8.071753 28
0.730931 49
0.033279 75
0.000600 58
0.000211 40
0.000634 623
0.000729 561
0.000046 976
3.708445 22
0.524063 18
0.000012 4
0.031552 22
0.031602 22
0.033175 22
0.030898 22
0.029423 22
0.031953 23
0.029185 23
0.032178 23
0.029900 23
0.031983 23
0.029438 23
0.031448 23
0.045675 23
0.044483 23
0.029647 23
0.032070 23
0.029645 23
0.033047 31
0.030962 23
0.030244 23
0.030786 23
0.030386 23
0.029314 23
0.032519 6
0.000140 62
0.029840 6
0.000166 43
0.030252 6
0.000485 43
0.000040 261
0.031577 18
0.000070 31
0.029931 18
0.030182 18
0.044569 18
0.029942 18
0.029843 18
0.030899 18
0.031165 18
0.030203 18
0.034340 18
0.029632 18
0.035087 18
0.029329 18
0.031857 18
0.028971 18
0.031884 18
0.030955 18
0.031826 18
0.029636 18
0.034021 18
0.260165 18
0.530763 18
0.029703 18
0.030237 18
0.031161 18
0.029364 18
0.030084 18
0.031137 18
0.030116 18
0.029946 18
0.032606 18
0.056211 18
0.029175 18
0.030818 18
0.029473 18
0.032144 18
0.028398 18
0.032938 18
0.030217 18
0.030169 18
0.029657 18
0.030091 18
2.887104 71
0.002529 116
13.006171 1
0.272933 1
2.943215 1
1.239188 1
0.351224 1
0.185987 1
0.776651 1
0.324917 4
0.143607 4
0.148026 4
0.106759 1
0.237710 1
0.589617 4
0.071504 1
0.362729 1
0.280117 1
0.336374 1
0.281829 1
0.150528 1
0.086318 1
0.650671 11
0.000269 98
2.991688 1
0.112715 1
0.173148 1
0.155356 1
0.194545 1
0.308085 1
0.505820 4
0.208063 1
0.102623 1
0.167079 1
0.207544 5
0.431820 11
0.002756 833
0.000237 98
24.061974 23
0.795986 121
0.002768 3888
0.000292 98
28.424730 26
1.002590 45
0.008130 75
0.000225 58
0.000032 41
0.000493 146
0.000105 477
0.000603 221
0.000083 586
0.000080 348
2.039299 22
0.517665 22
0.031039 18
0.000022 4
0.029440 22
0.030627 18
0.000027 4
0.029537 22
0.035298 22
0.028151 18
0.000024 5
0.031893 23
0.029122 18
0.000025 5
0.031437 23
0.028740 18
0.000025 5
0.031005 18
0.000024 5
0.029704 18
0.000017 5
0.031190 23
0.029044 18
0.000023 5
0.032128 23
0.042523 23
0.044675 23
0.027066 31
0.030814 18
0.000023 5
0.030331 18
0.000022 5
0.031154 18
0.000027 5
0.029263 18
0.000023 5
0.031212 18
0.000024 5
0.030179 6
0.000127 126
0.030274 6
0.000070 28
0.000109 50
0.029227 18
0.000023 31
0.031055 6
0.000175 43
0.000063 84
0.029158 6
0.000085 28
0.000092 179
0.031340 49
0.029073 6
0.000025 28
0.000093 108
0.032335 6
0.000028 274
0.028005 6
0.000022 12
0.000086 16
0.000041 101
0.043762 34
0.000178 34
0.028838 34
0.000024 15
0.031426 6
0.000073 43
0.000087 107
0.029272 6
0.000122 43
0.000082 73
0.030313 6
0.000012 12
0.000100 16
0.000087 122
0.035135 6
0.000010 28
0.000083 36
0.029252 18
0.000023 31
0.029262 6
0.000031 43
0.000094 93
0.030962 6
0.000026 133
0.031306 6
0.000098 28
0.000077 88
0.028258 6
0.000171 83
0.029536 6
0.000064 43
0.030613 6
0.000022 12
0.000045 16
0.000102 156
0.029690 6
0.000196 227
0.030915 6
0.000060 28
0.000125 96
0.036811 6
0.000029 28
0.000091 104
0.041637 6
0.000084 28
0.000091 92
0.036257 6
0.000101 28
0.000101 48
0.031136 6
0.000067 12
0.000034 31
0.000098 21
0.028888 6
0.000014 28
0.000054 45
0.036051 6
0.000091 62
0.192353 21
0.316133 21
0.268452 23
0.532079 18
0.000023 5
0.028816 6
0.000118 62
0.031134 6
0.000052 28
0.000075 15
0.029449 6
0.000201 183
0.049496 6
0.000194 43
0.000042 136
0.024732 18
0.000027 52
0.031489 6
0.000111 28
0.000023 97
0.029177 6
0.000121 62
0.030857 6
0.000028 12
0.000087 94
0.029403 18
0.000025 31
0.034309 6
0.000183 112
0.029153 6
0.000128 28
0.000021 88
0.030877 6
0.000042 28
0.000103 61
0.028835 6
0.000112 28
0.000137 110
0.030894 6
0.000014 28
0.000055 34
0.029541 6
0.000080 62
0.030973 6
0.000013 28
0.000105 34
0.029169 18
0.000022 52
0.031186 18
0.000025 31
0.029629 6
0.000010 28
0.000088 87
0.031874 18
0.000074 144
0.042602 6
0.000119 43
0.000066 225
0.045550 6
0.000048 12
0.000162 88
0.027206 6
0.000108 28
0.000083 76
0.518904 112
0.158210 18
0.000022 31
0.155528 6
0.000225 125
0.112578 18
0.000209 94
0.531529 6
0.000015 12
0.000079 16
0.000055 78
0.042974 34
0.000106 34
0.029005 49
0.031259 18
0.000051 81
0.028533 6
0.000134 161
0.032191 18
0.000023 31
0.035072 6
0.000095 28
0.000103 54
0.027330 6
0.000138 92
0.030805 18
0.000023 78
0.030078 6
0.000037 28
0.000083 62
0.031528 18
0.000023 31
0.029134 18
0.000124 137
0.029335 34
0.000023 51
0.030894 6
0.000218 235
0.028887 18
0.000135 31
0.030931 18
0.000034 68
0.036368 6
0.000018 12
0.000106 114
0.042608 6
0.000035 28
0.000106 88
0.035788 6
0.000211 123
0.031293 34
0.000133 15
0.028965 6
0.000087 28
0.000069 125
0.036459 6
0.000017 28
0.000080 33
0.027208 18
0.000036 50
0.029019 6
0.000064 43
0.029052 6
0.000054 12
0.000150 115
0.030992 6
0.000060 28
0.000132 100
0.029585 6
0.000070 12
0.000124 76
0.030234 6
0.000190 43
0.000100 91
0.030301 18
0.000024 168
0.030418 34
0.000044 60
0.029673 6
0.000081 28
0.000104 132
0.031060 6
0.000038 28
0.000101 38
0.028800 6
0.000016 28
0.000067 34
0.030546 6
0.000068 28
0.000130 34
0.042823 49
0.032393 18
0.027653 18
0.030831 18
0.029422 18
0.030234 18
9.944784 21
0.518938 21
0.030840 21
0.030628 21
0.033495 21
0.029607 21
0.031226 21
0.028963 18
0.000022 3
0.031048 18
0.000030 3
0.031072 21
0.029167 21
0.030172 21
0.030302 21
0.029790 18
0.000011 3
0.045496 18
0.000022 3
0.042746 21
0.030344 21
0.029688 21
0.032070 21
0.030197 18
0.000028 3
0.031400 21
0.030137 21
0.030362 21
0.030504 21
0.029552 21
0.030224 6
0.000088 85
0.030034 6
0.000046 38
0.000092 49
0.030319 6
0.000056 12
0.000083 65
0.029828 29
0.000034 15
0.030548 6
0.000169 38
0.000110 118
0.029136 6
0.000129 38
0.000075 50
0.042572 44
0.030463 18
0.000024 45
0.030263 18
0.000027 89
0.030492 6
0.000124 101
0.029404 6
0.000059 12
0.000117 108
0.029954 18
0.000028 26
0.033835 6
0.000118 101
0.031295 105
0.031637 6
0.000112 95
0.029884 6
0.000135 38
0.000108 225
0.030159 6
0.000152 38
0.000089 113
0.029094 6
0.000097 12
0.000111 98
0.030977 18
0.000030 26
0.030752 65
0.030234 6
0.000017 12
0.000161 45
0.031943 18
0.000049 45
0.028985 18
0.000065 45
0.054897 44
0.000077 95
0.029944 44
0.000015 46
0.029586 6
0.000049 111
0.030615 6
0.000113 107
0.030679 18
0.000030 26
0.028449 6
0.000014 12
0.000021 11
0.000140 78
0.032996 44
0.000024 19
0.030400 6
0.000031 12
0.000041 108
0.030672 6
0.000017 38
0.000130 21
0.030422 6
0.000103 38
0.000127 136
0.028963 6
0.000052 12
0.000113 166
0.029762 18
0.000076 26
0.030448 18
0.000036 45
0.030516 6
0.000011 38
0.000076 19
0.030505 6
0.000082 68
0.030087 18
0.000031 47
0.043399 6
0.000086 38
0.000088 33
0.029753 6
0.000053 12
0.000046 36
0.000064 67
0.029733 6
0.000022 12
0.000091 36
0.000148 79
0.030424 6
0.000062 108
0.000066 11
0.029704 6
0.000014 12
0.000106 26
0.000120 184
0.030025 6
0.000171 38
0.000076 141
0.032894 6
0.000019 12
0.000119 26
0.030377 18
0.000030 66
0.031570 6
0.000088 12
0.000024 88
0.000018 11
0.029872 6
0.000125 23
0.000047 105
0.418301 6
0.000031 120
0.000182 11
0.519002 18
0.000197 26
0.033268 18
0.000019 47
0.030135 18
0.000026 133
0.032271 6
0.000025 23
0.000117 88
0.029629 6
0.000219 145
0.030584 29
0.000166 15
0.030195 44
0.000024 19
0.030402 18
0.000161 112
0.029405 6
0.000146 269
0.030305 18
0.000250 119
0.030631 44
0.030081 6
0.000164 202
0.056120 6
0.000018 38
0.000150 84
0.030101 18
0.000117 26
0.029709 18
0.000113 61
0.030553 127
0.030654 155
0.028760 18
0.000015 26
0.033423 18
0.000031 73
0.030362 6
0.000010 12
0.000107 84
0.029841 6
0.000092 38
0.000085 78
0.030650 44
0.029789 44
0.000025 34
0.030688 29
0.000110 45
0.030129 6
0.000012 38
0.000110 86
0.030154 29
0.000039 15
0.030279 44
0.000023 45
0.030396 109
0.042631 18
0.000024 26
0.030977 6
0.000100 77
0.029503 6
0.000076 23
0.000106 62
0.029780 6
0.000348 127
0.030674 44
0.030245 18
0.000026 47
0.033089 6
0.000033 12
0.000194 70
0.030462 18
0.000113 66
0.031418 18
0.000027 94
0.029390 6
0.000024 23
0.000070 81
0.030102 44
0.030137 18
0.000022 57
0.030700 6
0.000030 129
0.030479 6
0.000149 23
0.000073 86
0.029098 18
0.031167 18
0.030664 18
0.043376 18
0.043288 18
0.029937 18
0.030340 18
0.031090 18
0.029895 18
0.030559 18
0.029843 18
0.030713 18
0.030228 18
0.030824 18
0.029622 18
0.029896 18
0.029620 18
0.030328 18
0.838771 22
0.135232 22
0.256573 22
0.164171 18
0.000091 4
2.080795 22
0.531651 22
0.029121 22
0.031275 23
0.028818 18
0.000023 5
0.031636 23
0.030415 18
0.000022 5
0.030184 23
0.029783 23
0.030709 23
0.043416 23
0.033984 23
0.026813 23
0.308403 23
0.533648 23
0.030133 23
0.029764 23
0.030093 23
0.031373 23
0.043601 23
0.029920 23
0.030435 132
0.194749 21
0.213096 21
0.150591 18
0.000021 3
0.137110 21
0.136929 21
0.113716 21
0.184059 21
0.316744 18
0.000080 5
1.792067 35
0.000679 43
0.821182 19
0.206074 19
0.375581 19
0.112470 6
0.000026 13
0.139380 19
0.235779 41
0.214222 35
2.825665 6
0.000034 15
0.159062 19
0.103055 19
1.886440 21
0.145883 21
0.758522 6
0.000031 13
0.126921 19
0.958308 19
0.085023 19
0.195482 19
0.063911 19
1.177803 6
0.000026 13
0.055341 19
0.136483 19
0.521491 19
0.098815 19
0.596868 19
0.166515 19
2.736743 35
2.069453 6
0.000024 15
0.230273 35
0.139585 35
4.289814 18
0.000216 1
0.628694 18
0.000129 1
0.433616 52
0.600054 21
0.187903 21
1.103500 21
0.392926 19
1.097391 6
0.000023 29
0.924714 19
1.213466 19
0.983479 19
0.678319 19
0.441605 6
0.000014 13
0.808963 19
0.401592 19
0.549699 19
0.429809 6
0.000112 29
1.560391 21
0.257238 19
0.901689 35
1.346641 6
0.000027 13
0.441333 19
3.690294 35
0.605136 6
0.000100 13
0.439134 6
0.000029 13
1.025357 35
2.589138 18
0.000119 17
0.343763 73
12.448887 6
0.000575 37
0.001825 91
2.170067 72
0.001759 98
7.929326 33
0.992133 59
0.008374 75
0.000147 56
0.000651 640
9.808116 6
0.000036 12
2.942045 35
0.000327 49
0.825709 6
0.000373 29
0.166778 6
0.000200 29
7.646442 87
7.601629 32
1.607903 19
0.000028 2
0.167186 21
0.165019 22
0.117920 18
0.146605 18
0.445327 31
2.673956 35
0.571778 35
1.421395 6
0.000024 15
0.176428 6
0.000023 29
0.261075 35
0.957431 6
0.000034 29
0.067499 6
0.000029 29
0.116018 6
0.000024 29
1.871314 35
0.404862 35
0.080266 35
0.196858 35
0.060207 35
1.552367 23
0.244081 19
0.079578 19
0.121881 38
0.090731 18
0.000025 17
0.704444 21
0.088764 6
0.000172 44
0.084568 21
0.120584 6
0.000029 31
0.062330 6
0.000152 29
0.598740 6
0.000024 31
0.194436 6
0.000013 13
0.256236 19
0.147811 19
0.190469 19
0.438667 21
0.171329 19
0.092081 19
0.737656 6
0.000179 29
0.248896 23
1.027093 19
0.077718 37
0.614195 6
0.000186 17
0.502246 43
0.999305 22
0.331810 35
0.163638 35
0.182796 6
0.000021 29
0.594281 21
0.182354 21
0.140709 22
0.493751 24
0.520002 23
0.029556 22
0.031216 25
0.030400 21
0.034208 21
0.029598 21
0.030713 21
0.031468 21
0.029904 21
0.029630 40
0.030222 21
0.030175 6
0.000076 18
0.030368 40
0.029331 6
0.000021 15
0.047791 40
0.041290 21
0.031148 24
0.030126 21
0.029659 22
0.032629 25
0.030596 6
0.000119 15
0.029519 21
0.030840 6
0.000022 15
0.030533 6
0.000083 15
0.029314 21
0.031956 21
0.029569 18
0.000028 3
0.028666 21
0.029798 6
0.000085 15
0.032300 21
0.030196 22
0.044097 18
0.029450 18
0.030236 18
0.030078 18
0.029888 18
0.030185 18
0.032118 18
0.029459 18
0.241543 6
0.000094 240
3.778647 6
0.000027 61
0.001357 98
12.278119 1
0.078635 1
0.101702 11
0.001550 98
1.462358 1
0.090190 1
0.324775 1
0.203884 1
0.115219 1
0.150069 1
0.262382 11
0.001670 10
0.000019 278
0.000337 98
7.826657 1
0.054550 1
0.155343 1
0.839838 1
0.071361 1
3.580526 1
0.060395 1
0.560715 4
0.172808 4
19.376780 1
0.138900 1
0.070043 1
0.405342 1
0.788356 1
1.233046 4
0.526448 4
0.031517 4
0.028799 4
0.029015 4
0.032861 4
0.054261 4
0.031424 4
0.029849 4
0.030209 4
0.031701 1
0.028235 1
0.033315 1
0.030413 1
0.030227 1
10.757388 1
0.047439 1
0.136139 1
0.246085 1
1.339025 1
0.766272 1
0.192638 1
0.097491 1
0.145968 1
0.090704 1
0.085162 1
2.202605 1
0.471102 1
0.104930 1
0.068890 1
0.063239 1
0.285856 1
0.323088 1
0.098856 1
0.633188 11
0.084484 78
0.007441 98
6.648855 19
4.574936 1
0.755851 11
0.071228 78
0.007894 98
1.522920 20
1.172243 4
0.460102 1
0.403860 3
0.166982 1
1.881020 4
0.519997 4
0.030518 4
0.032582 4
0.041962 4
0.043235 4
0.029201 4
0.030230 4
0.031147 4
0.030920 4
0.030000 4
0.029728 4
0.030617 4
0.030194 4
0.030094 4
0.030611 4
0.030566 4
0.030023 4
0.030603 4
0.030136 1
0.030310 1
0.042148 1
0.030036 1
0.030160 1
0.030656 1
0.029497 1
0.030143 1
0.034704 1
0.029931 1
0.030240 1
0.030703 1
0.030031 1
0.029558 1
0.031636 1
0.030356 1
0.029363 1
0.030491 1
0.047154 1
47.549513 1
0.085167 1
0.227017 1
0.224674 1
1.130747 2
0.000049 9
0.071683 78
0.008097 98
2.101300 1
0.090190 1
0.130244 1
0.123151 1
0.089760 1
1.917107 1
0.050398 1
0.182223 1
0.188258 1
0.535942 1
0.259347 1
0.213165 1
0.121743 1
0.104931 1
0.127040 1
0.114711 1
1.711675 1
0.275938 1
0.077699 1
0.095824 1
0.077847 1
0.337767 11
0.004860 31
0.000554 98
81.434504 1
0.078680 1
0.985640 2
0.000015 9
0.000263 82
0.759829 1
0.087716 1
0.774348 1
0.214028 1
0.360496 5
0.289666 11
0.000123 94
1.428052 1
0.040520 1
0.394449 1
0.664768 1
0.235881 5
0.277104 56
0.000159 94
1.339495 8
0.347314 1
0.222127 11
0.000163 108
0.620024 1
0.088440 1
0.090827 1
0.180776 1
0.644074 1
0.797949 1
0.054140 1
0.128618 1
1.071230 4
0.139455 4
0.142037 4
1.102592 1
0.222933 1
0.104559 1
0.097870 1
0.070681 1
0.094672 1
1.263463 1
0.300419 1
0.059012 1
0.085428 1
0.055405 1
0.206572 1
0.245554 1
0.315543 4
0.120448 1
0.064521 1
0.183385 2
0.000013 9
0.076498 78
0.007993 108
73.328683 1
0.068799 1
0.090654 1
0.085806 1
0.129488 1
0.709955 1
0.060910 1
0.110745 1
0.124296 1
0.121850 1
0.645491 1
0.237713 1
0.155852 1
0.024198 1
0.133205 1
0.107946 1
1.054858 1
0.218935 1
0.070500 1
0.114992 1
0.042414 1
0.172597 1
0.222980 1
0.099071 1
0.265382 4
0.140582 4
0.094470 1
0.155498 1
0.347912 2
0.000033 9
0.010183 75
0.002032 56
0.000368 623
0.000010 17
28.524251 6
0.000028 29
0.000336 25
0.187663 18
6.672519 6
0.000209 12
15.009234 18
0.559960 18
0.151619 18
0.135775 18
0.978316 6
0.000087 13
0.175079 6
0.000070 13
0.071330 6
0.000034 13
0.263148 21
0.145315 21
0.140884 22
0.156524 18
21.356132 18
0.186960 18
0.172714 18
0.188798 18
0.192752 6
0.000111 12
0.182149 18
0.174871 6
0.000298 12
0.193384 6
0.000479 12
0.174756 18
2.463642 18
0.203981 18
0.221256 18
0.173724 18
1.788433 6
0.000129 12
0.167155 18
0.182528 18
15.496407 6
0.000478 12
0.195321 18
0.194176 18
0.195721 18
2.370794 18
0.264755 6
0.000361 12
1.953769 18
0.173157 18
23.692181 6
0.000052 13
0.517393 18
0.000029 4
2.390119 6
0.000033 240
2.799460 6
0.000242 9
0.000025 52
0.001826 108
0.119049 11
0.000102 108
1.901667 1
0.075108 1
0.087763 1
0.188033 1
0.176640 11
0.072677 78
0.007393 108
356.509485 1
0.342124 4
0.132074 1
0.149282 1
0.185904 1
0.131124 1
0.161819 1
0.289573 4
0.200151 4
0.089583 4
0.136782 4
0.094431 1
0.120906 1
0.093948 1
0.616413 1
0.127294 1
0.087186 1
0.455931 4
0.125987 4
0.095846 4
0.115001 1
0.105719 1
0.469042 1
0.096340 1
0.082885 1
0.140737 1
0.078823 1
0.920795 1
0.147027 1
0.095997 1
0.343060 1
0.157945 1
0.076716 1
0.397950 1
0.272102 1
0.092335 1
0.620094 1
0.179124 1
0.135522 1
0.795494 1
0.131359 1
0.229169 1
0.776657 4
0.125647 4
0.104093 4
0.060748 4
0.798238 1
0.455500 1
0.412246 1
0.088037 1
0.102207 1
0.168018 1
0.461744 1
0.297973 1
0.085904 1
1.494830 2
0.000080 9
0.014748 108
199.119958 1
0.122854 1
0.457626 2
0.000160 9
0.002203 114
0.000423 108
1.408723 1
0.420406 4
0.114397 1
0.122804 1
0.879158 1
0.127773 1
0.147078 1
0.121277 1
0.135005 1
0.130141 1
0.153121 11
0.231208 412
0.011200 108
0.284557 1
0.116366 1
0.079250 1
0.107752 1
0.211358 1
0.101318 11
0.002166 375
0.000428 108
0.564772 1
0.340664 4
0.125593 1
0.098099 1
0.083880 1
0.075397 1
0.081701 1
0.133218 1
0.075376 11
0.000082 84
0.276783 1
0.563216 4
0.134518 1
0.184129 1
0.070336 1
0.070768 1
0.087135 1
0.143606 1
0.050725 95
0.274777 1
0.095872 1
0.130954 11
0.003712 876
0.000329 84
0.894746 1
0.076091 1
0.064565 1
0.182361 1
0.350542 1
0.130244 1
0.113069 1
0.119245 2
0.830483 1
0.085445 1
0.261218 4
0.117665 4
0.685513 1
0.371580 4
0.193552 11
0.000226 90
0.237765 1
0.199590 58
0.000038 8
0.000028 82
0.438097 1
0.158280 1
0.069726 11
0.003698 88
0.000422 90
0.734783 1
0.080821 1
0.070598 1
0.198873 1
0.772459 1
0.545424 4
0.137091 4
0.195476 1
0.190241 1
0.184583 7
0.524397 11
0.000221 82
0.297368 1
0.134876 1
0.072791 11
0.003068 85
0.000397 82
0.810789 1
0.070677 1
0.109496 1
0.081882 1
0.116588 1
0.086453 1
0.131033 11
0.007875 11
0.000020 832
0.000130 998
0.000432 82
5.764183 1
0.114473 1
0.041253 1
0.289628 1
0.156380 1
0.115862 4
0.347857 11
0.000162 94
0.283115 1
0.110383 1
0.091857 11
0.003250 116
0.000430 94
1.582779 1
0.096165 1
0.029648 1
0.184731 1
0.304807 1
0.275177 4
0.703276 1
0.303444 11
0.000287 108
0.298985 1
0.119696 1
0.104888 11
0.001846 114
0.000265 108
0.594024 1
0.075218 1
0.090242 1
0.070114 1
0.122820 1
0.080646 1
0.133952 11
0.002410 374
0.000078 132
0.000531 108
8.732809 1
0.127027 1
0.093205 1
0.268916 4
0.132449 4
0.103936 4
0.111143 1
0.063730 1
0.137509 1
0.101002 1
0.265348 1
0.203359 1
0.105447 1
0.232493 12
0.505542 11
0.002246 64
0.975390 1
0.176273 2
0.000546 108
1.943222 1
0.145794 1
0.081362 1
0.262390 1
0.092431 1
1.892513 4
0.132081 4
0.135335 4
0.122303 4
0.118340 4
0.109386 1
0.086637 1
2.426770 1
0.068454 1
0.098252 1
0.126435 1
0.084855 1
2.016741 4
0.124703 4
0.141459 4
0.100751 4
0.093436 4
0.097083 1
0.199736 1
0.064025 1
0.123170 1
0.398911 1
1.101178 4
0.114471 4
0.127664 4
0.107795 4
0.109698 1
0.171246 1
0.074218 1
0.085117 1
0.117645 1
0.131456 1
0.089242 1
0.993099 1
0.232098 1
0.059003 1
0.279812 1
0.161677 1
0.154758 1
0.852282 1
0.344440 1
0.100372 1
0.090797 1
0.153750 1
0.335620 1
0.720800 1
0.118877 1
1.647466 11
0.004103 108
0.637748 1
0.084270 1
0.110935 1
0.048072 1
0.116280 1
0.074797 1
0.464486 2
0.000033 9
0.001979 374
0.000029 132
0.000448 108
15.276694 1
0.117241 1
73.301365 30
0.905638 53
0.027453 108
8.122668 1
0.097324 1
1.291713 1
4.192743 1
0.078601 1
0.168387 1
0.162918 1
0.383293 1
0.202698 1
0.267105 1
0.194014 1
0.277099 1
0.227441 1
0.266183 11
0.001651 60
1.128606 1
0.150440 2
0.000648 108
1.285330 1
0.058455 1
0.076279 11
0.002147 114
0.000566 108
12.858905 1
0.078504 1
0.159949 1
0.748097 1
0.119933 1
0.186768 1
0.224295 1
0.214798 1
0.454922 4
0.118976 4
0.135863 1
0.154938 1
0.285812 1
0.254829 1
0.249044 3
0.647152 109
2.332954 2
0.140676 5
0.162269 1
0.849426 30
1.112899 53
0.013219 98
6.469011 1
0.085659 1
0.088126 1
0.117976 1
0.776123 1
0.588020 1
0.110037 1
0.217570 9
0.298775 11
0.020887 62
0.000035 13
0.000128 95
0.000047 1
0.000057 76
0.000507 640
1.308045 35
0.000053 18
0.064557 19
0.638363 21
0.135813 18
0.000014 4
0.145526 18
0.871694 19
0.095127 19
0.079178 19
0.157051 6
0.000061 13
0.181752 6
0.000016 13
0.592882 6
0.000019 13
0.147789 6
0.000018 13
0.168235 19
0.268961 19
0.506377 6
0.000277 15
0.324650 6
0.000062 12
0.000125 3
0.107691 6
0.000046 13
0.149820 19
0.205827 19
0.211587 6
0.000037 29
0.233813 6
0.000019 13
0.111323 19
0.294093 6
0.000122 15
0.106201 19
1.866781 19
1.201497 6
0.000032 9
0.000009 80
0.000006 12
0.000033 7
0.268487 6
0.000018 6
0.000029 235
2.585092 348
1.123212 19
0.866479 7
0.000053 12
1.048902 19
0.345160 19
0.148977 6
0.000104 13
4.147169 19
0.930943 19
0.399267 7
0.000019 12
0.231377 19
1.317008 14
0.000026 36
0.000054 97
0.000399 61
0.000057 310
0.358799 103
2.417010 247
2.185498 6
0.000036 279
0.000139 63
2.737547 50
0.000014 248
0.000008 213
0.000059 7
0.816657 6
0.000042 1
0.000047 74
0.000011 14
0.000066 19
1.010105 6
0.000021 241
3.592492 19
1.684278 6
0.000177 1
0.000012 8
0.000067 12
0.000013 40
0.000880 98
1.449803 16
1.056925 11
0.003363 8
0.000048 54
0.000029 13
0.000034 29
0.000129 143
0.000496 146
0.000089 477
0.000123 17
2.313368 53
1.763935 6
0.000150 13
0.225799 6
0.000047 13
0.125432 6
0.000035 13
0.239528 19
1.406576 7
0.000099 106
0.553532 148
0.000019 99
1.261253 112
0.000050 173
0.000029 63
0.464951 7
0.000052 190
0.000030 151
0.000014 88
0.000060 131
1.547575 12
0.000075 235
1.315621 6
0.000142 342
6.403184 19
0.450935 19
0.268690 19
0.147655 19
1.641741 19
0.233841 6
0.000465 13
0.174960 7
0.000043 12
0.090208 19
3.391054 6
0.000118 12
0.365552 19
0.741302 7
0.000062 12
4.315173 567
6.381694 6
0.000040 241
0.463839 19
3.060400 19
1.578972 6
0.001342 61
0.000112 98
1.205620 1
0.189172 1
0.167084 1
0.092055 1
0.159659 1
0.767148 1
0.180615 1
0.132610 1
0.165443 1
0.223748 1
14.362955 1
0.094963 1
0.139430 1
0.160834 1
0.649419 1
0.030477 1
0.814240 1
0.160456 1
0.309729 1
0.184620 1
1.089055 11
0.011714 75
0.000283 97
0.000379 623
0.000010 17
1.289857 35
0.000056 18
0.061938 19
0.119167 19
0.156193 18
0.000304 1
0.153375 19
1.256967 6
0.000066 41
0.003315 86
0.388815 95
0.000239 6
4.140987 6
0.000091 45
0.004240 65
0.396764 47
0.003481 65
0.530826 101
0.638425 6
0.000032 29
0.000295 17
0.585959 6
0.000158 45
0.003795 86
0.864096 35
0.000177 45
2.098528 22
0.157553 6
0.000056 18
0.891708 6
0.000217 42
0.003126 86
2.392837 6
0.000191 66
0.001882 98
6.292230 1
0.096777 1
0.199354 1
0.160898 1
0.141686 1
0.073912 1
0.302551 11
0.002061 10
0.000043 332
0.000484 98
31.329121 37
1.026660 58
0.000034 9
0.013606 66
0.001910 98
7.011634 1
0.058987 1
0.463603 1
0.849915 1
0.096588 1
0.986037 4
0.525949 4
5.346562 1
0.282747 1
0.224570 1
0.380821 1
0.766700 1
0.095039 1
4.649051 1
0.223561 1
0.152404 1
0.077774 1
0.885074 1
0.684504 1
2.329411 11
0.000226 52
0.000036 98
1.693954 1
0.017402 1
1.118424 1
0.217546 1
0.371344 1
0.187459 1
0.181265 1
0.211212 1
0.161953 1
0.710843 1
0.354231 1
0.151296 1
0.188349 1
0.183279 1
0.668617 1
0.159386 1
0.225005 11
0.000051 53
0.000024 98
1.371763 1
0.053248 1
0.688806 11
0.000175 82
1.001222 1
0.049886 1
0.310402 1
0.818831 1
0.297187 4
0.132268 4
0.156627 1
0.169463 4
0.143468 4
0.169442 4
0.121266 1
0.169962 1
0.069204 1
0.079761 11
0.002884 85
0.000354 82
1.417870 1
0.059822 1
0.383231 1
0.288243 1
0.208092 1
0.127611 4
0.331997 11
0.000385 94
1.763609 1
0.084336 1
0.189338 1
0.176588 1
0.139089 1
0.175022 11
0.000075 8
0.000036 74
2.828403 1
0.114540 1
0.198323 1
0.831998 1
0.094894 1
0.119408 1
0.319431 1
1.427790 1
0.525149 1
0.106855 1
0.159903 24
0.666927 11
0.001804 82
0.644436 1
0.059076 1
0.135352 11
0.002641 53
0.000521 82
1.700430 1
0.022832 1
0.410821 1
1.514199 1
0.880567 1
0.267029 1
0.088000 3
0.337764 105
1.316711 1
0.112865 1
0.242568 1
0.131708 1
0.146823 1
0.207510 4
1.087657 1
1.471239 4
0.064303 1
0.238076 11
0.000178 108
11.226625 1
0.060505 1
0.399035 1
0.165359 1
0.911810 1
0.054733 1
0.199594 11
0.002969 11
0.000145 495
0.000810 108
26.272872 1
0.172584 1
0.174523 1
3.682219 1
0.077051 1
0.075063 1
0.100203 1
0.079044 1
2.707656 1
0.096175 1
0.198118 1
0.158759 1
0.200384 1
0.557606 4
0.105995 1
0.297070 4
0.119599 4
0.153520 4
0.180950 1
0.185418 1
0.101022 1
0.757714 1
0.416351 1
0.316641 1
0.600692 1
0.162910 1
0.297983 1
0.099093 1
0.124231 1
0.105212 1
0.098735 1
2.531841 1
0.959538 1
0.035149 1
0.101566 1
0.057066 1
0.674235 1
0.227166 1
0.084165 1
3.675448 11
0.011688 108
51.394580 1
0.088715 1
0.041895 1
0.133420 1
0.466178 1
0.356556 1
0.179062 1
0.480738 1
0.256979 14
0.600223 11
1.827260 108
1.212119 1
0.047152 1
0.204949 1
0.237882 1
2.064604 1
0.097398 1
0.200027 1
0.069140 1
1.101583 1
0.235458 11
0.000252 90
0.402949 1
0.105580 1
0.100967 11
0.001943 548
0.000314 90
18.822949 1
0.055067 1
0.580984 1
0.474896 1
0.641165 7
0.688258 1
0.262709 51
0.000098 90
2.695233 1
0.092013 1
0.687829 1
0.322287 1
0.072915 1
0.503766 4
0.647502 1
0.078376 1
0.272356 1
0.175877 1
0.132937 1
0.127790 1
1.097167 1
0.965198 1
0.990439 1
1.045952 1
0.071036 1
0.194469 1
0.159800 1
0.259148 4
0.158315 4
0.146486 4
0.163079 4
0.176326 4
0.951428 4
0.813431 11
0.006947 10
5.747482 2
2.974755 28
0.000828 90
3.433659 11
0.377894 11
0.003682 10
6.628208 2
0.040656 113
0.000049 18
7.523760 2
0.036718 14
2.820695 23
1.266486 52
3.987809 23
1.928919 2
0.087377 90
3.259258 1
0.076064 1
0.300594 1
0.171138 1
0.246947 7
0.973111 1
0.760562 11
0.000131 82
1.345277 1
0.082270 1
0.671203 1
0.146927 1
0.246685 1
0.119612 1
0.446992 11
0.002320 10
0.000055 380
0.000451 82
0.488679 1
0.152611 1
0.173371 1
1.298886 1
0.075178 1
0.484485 1
0.285213 9
0.351292 11
0.003225 7
0.000362 82
481.430105 1
0.055970 1
1.099213 1
0.148990 1
0.118386 1
0.319383 1
0.475391 1
0.208843 1
0.199215 1
0.552140 1
0.190460 1
0.195517 1
0.846571 11
0.004358 75
0.000704 82
0.589588 1
0.116683 1
2.076344 4
0.176530 4
0.162579 1
0.163001 1
0.192345 1
76.507507 1
0.054438 1
12.607221 4
0.137647 4
0.133001 1
9.360185 1
0.760775 4
0.164512 1
12.349827 1
0.801330 1
0.199696 1
0.962606 1
0.250007 1
0.221713 1
0.163607 1
0.509032 1
0.268658 1
0.241848 1
0.260934 1
0.701732 1
0.193480 1
0.111339 1
0.264863 11
0.001264 1303
0.000241 82
31.673018 1
0.106099 1
0.233556 1
0.092982 1
1.730671 1
0.362699 1
0.208858 1
0.111385 1
0.178520 1
0.161621 1
0.130558 1
0.274040 4
0.096734 1
0.195109 1
0.144748 1
0.644265 1
0.092572 1
0.193936 1
0.195143 1
0.262519 1
0.264412 1
0.144868 1
1.433695 1
0.222235 1
1.089944 1
1.180140 11
0.006792 30
3.338365 2
0.030388 38
0.000482 8
0.000053 74
12.748708 1
0.080458 1
0.190107 1
0.294271 1
0.151281 1
0.125997 1
0.129853 1
0.083003 1
0.123148 1
0.044452 1
0.097641 1
0.589227 11
0.003336 10
1.684353 2
0.047009 36
0.000262 108
3.182680 4
0.162184 16
2.159841 20
0.467122 16
0.172363 21
0.335699 11
0.582527 4
0.138075 4
0.146019 1
0.536148 1
0.057635 1
0.721443 1
0.095403 1
0.177173 1
0.686929 1
0.208497 1
0.074716 1
0.119361 1
0.091801 1
0.367322 1
0.174204 1
0.142131 1
0.095572 1
0.104927 1
0.156454 1
0.611054 1
0.278956 1
0.232513 1
0.114810 1
0.186149 1
0.139096 1
0.242954 1
0.378166 11
0.027235 108
12.930701 1
0.147664 1
0.260203 1
1.249085 1
0.341619 1
0.481667 1
0.259506 1
0.821092 1
0.407650 1
0.415424 1
0.350101 1
0.237034 1
0.462747 1
0.212774 1
0.269351 11
0.001270 1322
0.000196 108
77.543153 105
35.795343 1
0.192661 1
0.102570 1
0.175595 1
0.404615 4
0.152596 4
0.215939 4
0.447105 4
0.178357 1
0.182240 1
9.728743 1
7.836684 1
0.071120 1
0.113819 1
0.101431 1
0.164422 1
3.059079 1
0.142176 1
0.182027 1
1.245241 4
0.531727 4
0.030756 4
0.029820 4
0.030878 4
0.029659 4
0.032254 4
0.029611 4
0.030329 1
0.031240 1
0.030052 1
0.042888 1
0.030686 1
0.028730 1
0.031016 1
0.030546 1
0.031469 1
0.032205 1
0.034813 1
0.026281 1
0.029893 1
0.030365 1
0.031186 1
0.029732 1
0.030074 1
0.029546 1
0.030569 1
0.031337 1
0.059704 1
0.025254 1
0.029835 1
0.030142 1
0.031347 1
0.035232 1
0.025368 1
3.389860 1
0.088378 1
0.402579 1
0.813396 1
0.742454 1
0.949294 4
0.893473 1
0.178765 1
0.180911 1
0.220100 1
0.896909 1
0.400808 1
0.626609 1
0.179220 1
0.165712 1
0.134959 1
0.591106 1
0.199796 1
0.224845 11
0.000023 60
0.000054 100
2.060881 16
0.297098 1
0.520521 1
0.030456 1
0.030528 1
0.030031 1
0.030922 1
0.030475 1
0.029646 1
0.031842 1
0.030122 1
0.253660 1
0.298313 1
0.797031 1
0.471476 27
0.517370 11
0.000209 108
1.504752 1
0.060827 1
0.078420 11
0.001892 128
0.000151 108
11.653532 1
0.058768 1
2.874670 4
0.171779 4
0.156284 1
0.183510 1
2.421898 1
0.075230 1
0.097767 1
0.081345 1
0.170451 1
0.749461 1
0.137732 1
0.363442 4
0.105323 1
0.222969 1
0.445973 4
0.149837 4
0.144431 4
0.165563 4
0.130963 4
0.143401 4
0.147692 4
0.143589 4
0.146520 1
0.561367 1
0.256053 1
0.199698 1
0.278281 1
0.064565 1
0.229112 1
1.065279 1
0.140781 1
0.175642 1
0.122949 1
0.576651 1
0.273048 1
0.098077 1
0.114947 1
0.066523 1
0.429235 1
0.298616 1
0.871473 1
0.432002 11
0.001758 108
13.820045 1
0.083195 1
0.921640 4
0.305361 1
0.086659 1
0.176087 1
0.159440 11
0.086065 78
0.007933 108
7.003539 1
51.325695 1
0.096117 1
0.193538 11
0.002077 151
0.000398 108
10.669300 1
0.127239 1
0.166717 1
0.181796 1
0.210967 1
0.568336 1
0.166413 1
0.376922 3
0.287454 11
0.002296 3656
0.000029 1287
0.000038 100
0.000008 273
0.000008 248
0.000007 244
0.000008 283
0.000007 209
0.000006 372
0.000113 2862
0.000052 1477
0.000011 656
0.000009 180
0.000018 77
0.000055 358
0.000091 5038
0.000024 2015
0.000012 288
0.000058 3940
0.000011 596
0.000008 178
0.000028 1474
0.000016 1246
0.000035 233
0.000034 2042
0.000014 1282
0.000007 84
0.000120 5527
0.000024 387
0.000324 108
20.746702 1
0.320950 1
0.075878 1
0.139711 1
0.051266 1
0.105204 1
1.216853 1
0.061780 1
0.202596 1
0.159661 1
0.073779 1
0.382547 1
0.710069 1
0.370972 1
0.946291 1
0.371385 1
0.184599 1
0.155631 1
0.112365 1
0.900611 1
0.341140 1
0.070263 1
0.013814 1
0.693841 4
0.150549 4
0.334152 1
0.172268 1
0.110698 1
0.640088 1
0.229289 1
0.085743 1
0.451309 4
0.210010 1
4.656921 11
0.009987 108
4.047258 1
0.085331 1
0.101550 11
0.001647 163
0.000245 108
3.298011 1
0.059452 1
0.085049 1
0.104442 1
0.144322 1
0.554764 1
0.177490 1
2.079196 1
0.076689 1
0.167550 1
0.127061 1
1.288884 1
0.283339 1
0.096162 1
0.114348 1
0.050565 1
0.762176 1
0.330241 1
0.098623 1
0.245492 4
0.122087 4
0.100237 1
0.106094 1
0.529098 4
0.237132 1
2.927715 11
0.012547 37
0.000449 41
0.004400 37
0.000330 41
0.004173 37
0.000324 41
0.004475 37
0.000381 41
0.004665 37
0.000341 41
0.000478 51
0.000193 41
0.001172 108
53.066359 19
0.597052 11
0.011976 37
0.000347 41
0.004533 37
0.000406 41
0.004466 37
0.000420 41
0.004535 37
0.000354 41
0.004113 37
0.000461 82
0.001221 108
55.955696 19
1.572122 11
0.034917 41
0.025930 41
0.024488 41
0.025024 41
0.023433 82
0.001207 108
11.205439 1
0.155701 1
0.139173 4
0.152387 4
0.143223 1
0.163110 1
0.173516 1
0.498118 1
0.255179 1
0.197291 1
0.507507 1
0.962612 1
2.221968 1
0.236435 1
0.188661 1
0.421392 1
0.683572 1
0.223195 1
0.093379 1
0.149163 1
0.111206 1
0.776866 1
0.340934 1
0.463122 1
0.200922 1
0.807782 1
0.342571 1
0.331799 1
0.468948 1
0.199431 1
0.737531 1
0.109193 1
0.154515 1
0.060588 1
1.373093 11
0.001682 80
0.000218 108
14.319687 1
0.080231 1
0.475630 1
0.244446 1
0.192345 1
0.279740 1
0.219917 1
0.215873 1
0.106988 1
0.111268 1
0.520425 1
2.049062 11
0.002724 10
6.398307 2
0.032454 80
0.000111 51
3.926492 2
2.910323 45
0.000441 108
6.544360 1
0.067835 1
0.121119 1
0.192964 1
0.209983 1
0.162640 1
0.673473 1
0.134536 1
0.128179 1
0.102682 1
0.836819 1
0.335497 11
0.003145 10
2.337642 2
2.758926 28
0.000450 108
1.159006 11
1.228442 11
0.002942 10
4.390091 2
0.029736 131
8.129322 2
2.774521 45
0.000338 108
11.435224 11
2.901304 11
0.002917 10
5.886115 2
0.028873 131
3.599624 2
0.028790 14
3.344278 23
2.150128 2
0.058731 134
2.884789 1
0.122372 1
0.624715 1
0.170371 1
0.252896 1
0.211862 1
0.134145 1
0.193900 1
0.401294 1
0.187199 1
0.411623 1
0.181433 11
0.077031 100
0.007648 134
1.342655 1
0.040629 1
0.641072 1
0.253346 1
0.243178 1
0.192984 1
0.727022 1
0.106838 1
0.140399 1
0.086751 1
0.124727 1
0.352206 1
0.247793 11
0.000261 173
8.649395 1
0.566683 1
0.326448 1
0.239481 40
0.000030 134
3.111768 1
0.065910 1
2.356978 1
0.817475 1
0.115053 1
0.167331 1
0.465193 4
0.317655 11
0.000041 120
0.592067 1
0.126774 1
0.177619 1
0.130632 1
0.144385 1
0.169269 44
0.000075 120
24.444062 1
0.110573 1
0.173939 1
0.522345 1
0.100058 1
0.153997 1
0.112472 1
0.082471 1
0.161585 1
0.013329 1
0.081737 1
0.400150 11
0.002806 10
1.726347 2
0.044498 44
0.000167 94
2.432519 1
0.059162 1
0.924345 11
0.000170 82
0.759025 1
0.082790 1
0.124507 11
0.002021 53
0.000318 82
1.895524 1
0.119599 1
0.297656 1
0.347407 4
0.049369 1
0.146609 11
0.085174 91
0.007152 82
1.024383 1
0.092939 1
0.147898 1
0.083364 109
1.585166 1
0.115625 1
0.477874 1
0.293946 1
0.142483 1
0.310550 11
0.000029 90
3.913785 1
0.088441 1
0.136169 1
0.342335 1
0.367918 4
0.084762 1
0.122813 1
0.095315 1
0.738378 1
0.162604 1
0.109688 1
0.083148 1
0.380544 1
0.279296 11
0.002739 10
2.154749 2
0.045643 90
2.761762 1
0.076671 1
0.180230 1
0.316538 1
0.150784 1
0.137214 1
0.611556 1
0.157091 1
0.120331 1
0.118473 1
0.291799 1
0.233340 11
0.000026 82
4.570587 1
0.232744 1
0.273710 1
0.126613 1
0.147415 1
0.331993 1
0.095051 1
0.148002 1
0.153477 1
0.545838 1
0.173732 1
0.163162 1
0.151556 1
0.144840 1
0.139470 1
0.734047 11
0.003599 82
0.328642 1
0.151231 1
0.141609 1
0.096952 1
0.665982 1
0.147763 1
0.197501 1
0.227541 1
0.739886 1
0.366596 1
0.853099 1
0.111369 1
0.108812 1
0.460727 4
0.128328 4
0.134505 1
0.081722 1
0.125827 1
2.640561 11
0.003076 127
0.000034 74
0.000105 180
0.000294 82
150.199954 1
0.081787 1
1.385614 1
0.184817 1
0.142165 1
0.481069 1
0.109536 1
0.170084 1
0.261065 1
0.832225 1
0.906226 1
0.286876 1
0.240266 1
0.118771 1
1.196003 1
2.722262 1
0.206785 1
0.185466 1
0.576883 1
1.438749 1
0.224105 1
0.121530 1
0.093187 1
0.147873 1
0.144374 1
0.730418 11
0.003518 82
30.462512 1
0.689693 26
0.142238 106
0.725132 11
0.001652 202
0.000113 180
0.000248 82
149.181184 1
0.076298 1
0.070711 1
0.109999 1
0.090888 1
18.027136 1
0.069625 1
0.581655 1
0.168560 1
0.094070 1
0.647243 1
0.140536 1
0.192456 1
0.346723 1
0.259552 1
0.259824 1
0.149799 1
0.183621 1
0.193355 1
0.360777 1
0.208228 1
0.216645 1
0.094744 1
0.190635 1
0.188534 1
2.932094 11
0.005477 30
2.696116 2
0.031209 38
0.000637 82
8.496011 1
0.074291 1
0.169194 1
0.193561 1
0.112167 1
0.127563 1
0.111737 1
0.076657 1
0.233774 1
0.141036 1
0.155793 1
0.897877 11
0.079883 184
0.008055 82
2.567090 1
0.064743 1
0.517505 1
0.174594 1
0.116919 1
0.121953 1
0.331159 6
0.373518 11
0.002750 10
2.098033 2
0.043095 36
0.000190 108
2.065582 4
0.446947 7
2.307276 1
0.060033 1
0.101327 1
0.095288 1
0.087677 1
0.707228 1
0.091057 1
19.152280 1
0.199103 1
0.105897 1
0.535664 1
0.186925 1
0.592797 1
0.419684 1
0.304999 1
0.184673 1
0.104787 1
0.163199 1
0.231864 1
0.657435 1
0.173421 1
0.092500 1
0.115231 1
0.184194 1
0.150513 1
1.154167 11
0.008601 108
16.103340 1
0.072089 1
0.129360 1
0.139698 1
0.214414 1
0.201668 1
0.296794 1
0.448709 4
0.218030 1
0.472393 1
0.203724 1
0.148348 1
0.095447 1
0.536421 1
0.357346 11
0.004095 10
1.952392 2
0.046631 82
26.875258 1
0.173579 1
0.135672 1
0.109366 1
0.655560 1
0.114942 1
0.135543 1
0.205344 1
0.196527 7
0.285243 11
0.001383 128
0.000080 75
0.000090 180
0.000310 82
124.358306 19
0.200367 99
0.000034 82
2.235970 1
0.065375 1
0.260813 1
0.143994 1
0.173407 1
0.197988 1
0.252467 11
0.001931 407
0.000012 63
0.000441 82
306.531780 79
2.033060 79
13.437412 1
0.090404 1
0.148660 1
0.080237 1
0.883435 1
0.649900 1
1.073063 1
0.075570 1
0.164899 1
0.100458 1
0.737653 1
0.099371 1
0.159541 1
1.149537 1
0.918914 1
0.187147 1
0.178889 1
0.165504 1
0.188644 1
1.102562 1
0.555604 1
0.445348 4
0.213432 1
0.126265 1
0.117648 1
0.149801 1
0.177480 1
0.255312 2
0.000026 9
0.005886 17
0.004869 54
0.000767 82
1.467093 25
0.208077 1
0.517839 1
0.031162 1
0.036257 1
0.025528 1
0.031153 1
0.031081 1
0.034512 1
0.026637 1
0.031519 1
0.259296 3
0.195253 3
0.150313 3
0.158653 3
2.280002 1
0.571656 3
0.203568 3
0.193006 3
0.181964 3
0.150197 3
0.282893 1
0.733970 11
0.101080 7
0.147591 11
0.001888 31
0.000266 49
0.000156 13
0.000032 15
0.000108 35
0.000031 22
0.000683 82
71.955645 1
0.059171 1
0.650668 1
0.118998 1
0.184316 1
0.160801 1
0.893918 1
0.223058 1
0.290998 1
0.090801 1
0.152169 1
0.139969 1
0.192225 11
0.000186 102
1.925444 1
0.555810 1
0.169064 1
0.196017 1
0.093686 1
0.700319 1
0.143298 1
0.082706 1
0.231999 1
0.087091 1
0.334355 1
0.210705 1
1.232660 1
0.291240 1
0.488487 1
0.506431 1
0.175117 1
0.361541 11
0.001615 102
55.099816 1
0.085857 1
0.159061 1
0.195924 1
0.291659 1
0.363215 1
0.244927 1
0.191071 1
0.089280 1
0.126696 1
4.387621 1
0.709680 4
0.253851 1
0.437943 4
0.244671 1
0.162520 11
0.003203 10
1.936721 2
0.046601 128
3.368814 1
0.095806 1
0.363986 11
0.001437 50
0.000308 128
1.117391 1
0.060513 1
0.325182 1
0.541872 1
0.260531 1
0.191741 1
0.139100 1
0.211484 1
0.249795 1
0.375782 1
0.984914 1
0.221803 11
0.000031 39
0.000016 128
0.506831 1
0.240546 1
0.145705 1
0.195842 1
0.159656 1
0.173412 1
0.148469 1
0.190847 1
0.219112 11
0.092907 29
0.007202 128
2.858815 1
0.070323 1
0.289489 1
1.602140 1
0.202619 1
0.197872 1
0.216830 1
0.257767 1
0.155966 1
0.120734 1
1.163659 1
0.227848 11
0.002876 10
3.658564 2
0.027853 131
4.978390 2
0.026082 14
3.336131 23
2.825235 2
0.057386 128
1.824167 1
0.079125 1
0.108779 11
0.001598 13
0.000398 128
24.736076 1
0.078906 1
1.161640 1
0.286203 1
1.026999 1
0.092157 1
0.127728 1
0.191442 1
0.104083 1
0.106272 1
0.370694 1
0.563760 11
0.002727 10
2.969437 2
0.042617 128
2.272333 1
0.145107 1
0.169638 1
0.196750 1
0.189082 1
0.111897 1
0.381691 10
0.499582 11
0.001599 128
6.382323 1
0.050964 1
3.234250 1
1.056937 1
0.387567 1
0.086270 1
0.193098 11
0.001709 9
0.000012 198
0.000478 128
114.446245 35
1.046729 63
0.000930 128
13.770442 1
0.109336 1
0.216583 1
0.274489 1
0.904581 1
0.403984 4
2.273483 1
0.045267 1
0.173876 10
0.271777 11
0.001755 7
0.000251 128
759.261649 1
0.184501 1
0.122305 1
0.491002 4
0.077349 1
0.079149 1
0.362865 1
0.595384 1
0.221478 11
0.332570 11
0.001755 88
0.000047 44
0.000168 75
0.000037 180
0.000397 128
174.763685 1
0.108002 1
0.162305 1
0.141284 1
0.084299 1
0.114110 1
0.362600 4
0.141969 4
0.145810 4
0.147787 4
0.149770 4
0.137142 4
12.780142 1
0.073843 1
0.123462 1
0.428417 1
1.515538 1
0.439200 1
0.077600 1
0.138394 1
0.061617 1
0.153782 1
0.747105 1
0.080974 1
1.203871 4
0.519166 4
0.029543 4
0.030590 4
0.031285 4
0.030245 4
0.043661 4
0.041763 4
0.030308 4
0.031244 4
0.029779 4
0.030488 4
0.031100 1
0.029937 1
0.029766 1
0.029975 1
0.030757 1
1.928163 1
1.513722 1
0.298760 1
0.222336 1
0.182602 1
0.298994 1
0.563248 1
0.185879 1
0.113718 1
0.107032 1
0.287241 1
0.635715 11
0.003705 10
2.785232 2
0.048441 102
4.767288 1
0.114772 1
0.075652 1
0.320781 1
0.640627 1
0.231415 1
0.025485 1
0.434905 1
0.584056 4
0.139684 4
0.147031 4
0.097050 1
0.096667 1
0.126674 1
0.045288 1
0.468475 1
0.328503 1
0.089501 1
0.781633 11
0.005613 75
0.000609 56
0.000452 118
0.000036 6
0.000020 119
0.000099 238
0.000012 17
17.828845 6
0.000482 8
0.001289 28
0.001901 107
0.000033 226
8.924633 6
0.000075 8
0.000018 29
0.002818 87
1.226922 6
0.000295 66
0.000462 102
37.326090 1
0.080296 1
0.141082 11
0.001711 22
0.000226 102
28.625242 1
0.078858 1
0.190320 1
1.441918 4
0.152300 4
0.319691 4
0.144493 1
0.173311 1
0.065208 1
0.199584 1
0.323835 1
0.124829 1
0.302489 1
0.509626 1
0.260908 1
0.195739 1
1.113293 1
0.216680 1
0.088871 1
0.280287 11
0.002312 4
0.000024 88
0.000480 102
3.710653 1
0.053158 1
0.164304 1
0.169430 1
0.518763 1
0.309358 1
0.113263 1
0.185888 11
0.113877 28
0.007264 102
10.263422 1
0.156273 1
0.213001 1
0.101708 1
0.503468 1
0.124095 1
0.145068 1
0.137811 1
0.075851 1
0.353218 1
0.282304 1
0.093033 1
0.195855 11
0.001331 128
0.000125 75
0.000077 180
0.000309 102
163.897106 1
0.088675 1
0.065276 1
0.487458 4
0.894085 1
0.190641 1
0.122204 1
1.084862 1
0.924086 1
0.599130 1
0.299596 1
1.599501 1
0.115836 1
0.179564 1
0.064337 1
0.085673 1
0.326408 1
0.412896 1
0.372227 1
11.760594 11
0.001604 102
8.304885 17
0.171959 49
0.384514 11
0.001292 128
0.000094 75
0.000022 180
0.000373 102
23.328555 1
0.071980 1
0.030736 1
0.302388 4
0.128052 4
0.157007 4
0.141792 1
0.181006 1
0.600576 1
0.069801 1
0.151513 1
0.173503 1
0.090510 1
0.116359 1
0.137853 1
0.066036 1
1.333666 1
0.092319 1
0.137592 1
0.070444 1
0.308365 11
0.002446 94
0.000396 102
1.987808 1
0.045369 1
0.139307 1
0.234988 1
0.143791 1
0.683863 1
0.225340 7
0.364534 11
0.003040 10
2.767546 2
0.043026 36
0.000059 128
2.493188 1
0.057964 1
0.163064 11
0.001779 50
0.000368 128
2.008095 1
0.067757 1
0.127263 1
0.262899 1
0.554192 1
0.657383 1
0.218473 6
0.733231 1
0.207685 11
0.002678 10
2.579044 2
0.044594 102
1.916810 1
0.100035 1
0.108665 11
0.001789 38
0.000293 102
9.611752 1
0.037027 1
1.187961 4
0.220195 1
0.152363 1
0.278405 1
0.308967 1
0.666886 1
0.292939 1
0.086023 1
0.503326 1
0.531325 1
0.030758 1
0.029814 1
0.032067 1
0.207726 1
0.450458 1
0.605913 19
0.536299 11
0.077604 28
0.007324 102
1.368607 7
0.167841 12
1.685658 4
0.134785 4
0.148389 1
0.165390 1
0.138127 1
1.712518 1
0.190451 1
0.114668 1
0.250059 1
1.726789 1
0.143861 1
0.429711 1
0.162024 1
0.192537 1
0.377382 1
0.425568 1
0.488774 1
0.227371 7
0.451603 11
0.001621 128
0.000074 75
0.000051 180
0.000288 102
83.196619 1
0.040716 1
1.224340 1
0.301637 1
0.084647 1
0.179902 1
0.435871 6
0.404321 11
0.003107 10
3.426932 2
0.042791 36
0.000176 128
14.560970 1
0.065582 1
0.091940 1
0.095378 1
1.216163 1
0.140308 1
0.170990 1
0.486315 1
1.459732 1
0.327372 1
0.072665 1
0.151645 1
0.759114 1
0.209269 1
0.185680 1
0.670404 1
0.300374 1
0.213997 1
0.103055 1
0.142358 1
0.777862 1
0.131828 1
0.210605 1
0.112080 1
5.775119 1
1.370015 3
0.639473 4
0.519970 4
0.030163 4
0.030206 4
0.030337 4
0.030135 4
0.030789 4
0.036590 4
0.042928 4
0.037692 4
0.029441 4
0.030103 4
6.632321 1
0.670988 4
0.132562 1
0.161694 1
0.180081 1
0.125771 1
0.356603 1
0.180024 1
0.111323 1
0.117641 1
0.089988 1
0.251872 1
0.336969 1
0.078431 1
0.271534 11
0.008668 30
2.396847 2
0.047571 29
0.102845 64
0.011387 64
0.037269 66
0.138274 70
0.001269 33
0.000347 37
0.201392 81
0.000833 75
0.057450 47
0.001195 7
0.009750 64
0.003183 103
0.005502 13
0.500728 25
0.204419 159
0.319473 98
0.317057 69
0.029880 285
0.014104 26
0.015510 26
0.012867 26
0.012151 26
0.013193 26
0.014081 26
0.011240 26
0.013442 26
0.014087 100
0.001100 59
0.004954 37
0.038975 38
0.010060 53
1.579958 128
22.538903 46
4.872184 85
0.004898 36
0.000592 128
3.503728 37
0.106225 1
0.530277 1
0.029530 1
0.030797 1
0.030810 1
0.030224 1
0.029805 1
0.030052 1
0.042580 1
0.030128 1
0.029304 1
0.032051 1
0.029480 1
0.033749 1
0.028318 1
0.028990 1
0.031600 1
0.030890 1
0.031045 1
0.028625 1
0.031601 1
0.029546 1
0.029944 1
0.031579 1
0.030725 1
0.562007 5
2.526978 11
0.007497 128
72.526728 1
0.065957 1
0.572680 1
0.173014 1
0.181862 1
0.094887 1
0.464571 5
0.501426 1
0.358840 11
0.002825 10
2.561465 2
0.046300 102
10.516043 1
0.066153 1
0.225321 1
0.146927 1
0.014593 1
3.534802 4
0.439656 1
1.522381 1
0.159338 1
0.359020 6
0.353858 11
0.001333 128
0.000098 255
0.000418 102
19.879299 1
0.140718 1
0.207752 1
0.222668 1
0.404306 1
0.182748 1
0.248605 11
0.001637 147
0.000027 136
0.000385 102
97.547173 1
0.035013 1
0.170861 1
1.176453 1
0.112090 1
0.476393 1
0.210064 1
0.517492 1
0.279112 1
0.151604 7
0.332469 11
0.001131 17
0.000016 19
0.000071 48
0.000081 37
0.000029 2
0.000279 102
78.977229 1
0.107889 1
0.122650 1
0.203663 1
0.155250 1
0.245967 6
0.544149 1
0.033301 1
0.485835 4
0.316329 11
0.002908 10
3.770126 2
0.045534 128
1.454208 1
0.085942 1
0.111372 1
0.295709 1
0.221964 1
0.638603 1
0.255826 1
0.231783 1
0.250810 1
0.160785 1
0.106252 1
0.356745 1
0.243082 11
0.002822 10
2.079034 2
0.044029 102
2.831327 1
0.105512 1
0.466249 1
0.162735 1
0.121066 1
0.070392 1
0.711210 1
0.250356 1
0.065623 1
0.233953 11
0.001698 58
0.001883 61
0.000226 102
2.093225 9
0.160529 1
0.686187 1
0.378820 1
0.614958 1
0.216323 12
0.318182 1
0.229769 9
0.245277 1
0.247427 1
0.525014 4
0.532666 4
0.029547 4
0.029867 4
0.030951 4
0.030935 4
0.029874 4
0.030380 4
0.030280 4
0.030573 1
0.030169 1
0.029812 1
0.030430 1
0.030044 1
0.030290 1
0.198088 1
0.081429 1
0.139064 1
0.105173 1
0.183231 1
0.109384 1
0.192871 1
0.234711 1
0.130178 1
0.110934 1
0.273422 1
0.287076 11
0.002865 10
2.886478 2
0.043716 128
3.225907 1
0.105761 1
0.293665 1
0.196131 1
0.158826 1
0.086112 1
0.362297 11
0.001844 283
0.000383 128
3.389962 1
0.695966 1
0.715620 1
0.109001 1
0.122079 1
0.094179 1
1.022173 1
0.361468 1
0.365536 1
0.254736 11
0.001518 41
0.000190 128
19.563083 1
0.086292 1
0.122887 11
0.001731 38
0.000234 128
115.639606 1
0.116465 1
0.829823 1
0.101180 1
0.124968 1
0.185720 44
0.000067 128
2.141769 1
0.199984 4
0.143193 1
0.121574 1
0.076214 1
0.697782 1
0.673844 1
0.229107 1
0.124992 1
1.274921 1
0.280669 4
0.703059 1
0.294733 11
0.002744 10
2.661289 2
0.043220 102
1.336177 1
0.116239 1
0.164900 1
0.115228 1
0.419665 4
0.153434 4
0.137680 4
0.146104 4
0.742062 1
0.075360 1
0.181799 1
0.132780 1
0.165788 1
0.284336 11
0.000175 82
1.257270 1
0.067169 1
0.169513 11
0.001449 39
0.000263 82
1.851554 1
0.304202 1
0.165402 1
0.378918 1
0.709215 1
0.321111 1
0.530513 1
1.441756 1
0.483341 1
0.317576 4
0.233286 1
0.280359 1
1.145994 1
0.492730 1
0.845328 1
0.411142 1
0.233040 4
0.106179 1
0.133295 1
0.126981 1
0.674519 1
0.154692 1
0.199111 1
0.209933 1
0.444635 1
0.606484 1
0.523769 1
0.159142 1
0.415066 1
0.347113 1
0.120435 1
0.189735 1
0.206120 1
1.463065 1
0.235503 1
0.148411 1
0.262426 1
0.190663 1
0.173836 1
1.462340 1
1.089064 4
0.655674 11
0.001387 82
1.773988 1
0.008197 1
0.126440 1
0.934216 4
0.131849 4
0.249437 1
0.098532 1
0.140181 1
1.300948 4
0.136172 4
0.143689 4
0.182692 1
0.135754 1
1.286497 1
0.198113 1
1.114289 1
0.204072 1
0.642404 1
0.079735 1
0.193713 1
0.222095 1
0.567695 1
0.180446 1
0.090838 1
0.139664 1
0.676973 1
0.100698 1
0.363386 11
0.001149 38
0.000027 34
0.000201 67
0.000180 82
9.189521 1
0.070445 1
0.148900 1
0.202672 1
0.172080 1
0.188051 1
0.309638 1
0.200060 1
0.095435 1
0.125324 1
0.365282 1
0.261454 11
0.002454 10
1.834544 2
0.043840 108
7.020397 1
0.050228 1
1.092528 1
0.103584 1
0.139245 1
0.051161 1
4.483009 1
0.439152 1
0.064918 1
0.244580 11
0.000583 36
0.000381 108
4.627971 1
0.050236 1
1.223757 1
0.547487 4
0.141375 4
0.143599 4
0.152886 1
0.331507 1
0.708939 1
0.262325 1
0.108278 1
0.156885 1
0.197495 1
0.351791 1
0.186580 1
0.083519 1
0.102667 1
0.912959 4
0.528707 4
0.029372 4
0.030116 4
0.030868 4
0.029446 4
0.030564 4
0.033589 4
0.035004 4
0.024401 4
0.031097 1
0.029543 1
0.030306 1
0.030387 1
0.030964 1
0.092387 1
0.074656 1
0.249879 1
0.277680 1
0.298593 1
0.248179 11
0.000209 90
4.061079 1
0.084300 1
3.385521 1
0.477164 1
0.125858 1
0.179649 1
0.956352 4
0.096047 1
0.197167 6
0.928893 1
0.192700 1
0.739419 1
0.186617 1
0.195067 1
0.797351 1
0.270944 1
0.154359 1
0.085228 1
0.306933 1
0.318329 4
0.136635 4
0.135193 4
0.346466 4
0.294106 1
0.267472 1
0.129392 1
0.115166 1
0.208360 1
0.455291 4
0.099259 1
0.060982 1
0.183607 60
0.000035 90
1.599898 1
0.076121 1
0.843893 4
0.148247 4
0.147194 1
0.132444 1
0.204216 1
0.089732 1
0.285367 4
0.146586 4
0.127468 1
0.147389 1
1.308385 1
0.085469 1
0.172657 1
0.141344 1
0.182703 1
0.110914 1
0.201456 1
0.222775 1
0.106354 1
0.128989 1
0.903471 1
0.212923 11
0.003069 10
1.032412 2
0.727070 2
0.954568 2
0.000392 2
0.000059 90
1.178003 11
1.157363 11
0.003214 10
2.022716 2
0.046056 90
3.077142 1
0.098805 1
1.255656 4
0.143486 4
1.106593 1
0.090853 1
0.191172 1
2.508107 1
0.237634 1
0.109667 1
0.212116 1
0.547610 4
0.584399 1
0.593834 1
0.181110 1
0.234467 9
0.360958 11
0.000148 102
0.966802 1
0.072679 1
0.165716 1
0.258280 1
0.244117 1
0.112269 1
0.138019 1
0.119767 1
0.359878 4
0.105608 4
0.106060 1
0.133601 1
0.122676 1
0.396593 4
0.131864 4
0.095692 1
0.086071 1
0.084654 1
0.321142 1
0.290029 11
0.002886 10
2.426635 2
0.043844 128
1.390680 1
0.159065 1
0.256187 1
0.106073 1
0.127347 1
0.101220 1
0.186595 1
0.514989 4
0.276910 1
0.157511 1
0.181766 1
0.780757 11
0.001366 41
0.000176 128
64.578766 1
0.079632 1
0.155609 1
0.103028 1
0.140777 1
0.096990 1
0.620153 1
0.162433 1
0.079991 1
0.100471 1
0.442347 1
0.472240 11
0.003705 10
2.490204 2
0.047182 102
13.734260 1
0.137806 1
0.147507 1
1.213230 1
0.180227 1
0.210677 1
0.141665 1
0.253749 1
0.186859 1
0.881859 1
1.275738 1
0.380086 1
1.353648 1
0.238554 1
0.218767 1
0.119156 1
0.275457 1
0.792447 4
0.489907 1
0.105428 1
0.230822 1
0.345660 1
0.537847 4
0.150540 4
0.152040 4
0.150532 4
0.234667 1
0.169370 1
0.570024 1
0.171984 1
0.798844 1
0.614177 1
0.258348 1
0.424315 1
0.335115 1
0.472915 1
0.179749 1
0.129283 1
0.108083 1
0.074037 1
0.275920 1
0.284757 1
0.074922 1
0.691107 11
0.093376 125
0.007249 102
1.723754 33
0.146760 1
0.529162 1
0.029160 1
0.029737 1
0.032245 1
0.030099 1
0.029765 1
0.042841 1
0.030525 1
0.029941 1
0.029944 1
0.030535 1
0.035973 1
0.026636 1
0.030597 1
0.031376 1
0.032562 1
0.026018 1
0.031126 1
0.030329 1
0.030185 1
0.030452 1
0.036851 1
0.042146 1
0.036816 1
0.031488 1
0.030510 1
0.030995 1
0.029375 1
0.029223 1
0.252814 3
0.560454 5
0.104208 5
0.512081 11
0.001581 102
7.176735 1
0.183976 1
0.133914 1
0.100369 1
1.261827 1
0.950153 1
0.176930 7
0.285039 11
0.001534 128
0.000199 255
0.000171 102
15.192353 13
0.153824 44
0.491918 1
0.147378 1
0.155209 1
0.129808 1
0.097902 1
0.106571 1
0.124960 1
0.346618 1
0.432324 21
0.070597 17
0.440661 11
0.001575 102
0.601167 33
0.129448 49
0.600133 11
0.001628 128
0.000063 255
0.000347 102
3.074219 1
0.076244 1
1.144716 1
0.626509 1
0.163876 1
0.121704 1
0.142063 1
1.784164 1
0.198341 1
1.644207 4
0.536111 1
0.106441 1
0.220207 1
0.144720 1
0.808679 4
0.183817 4
0.150277 1
0.286571 11
0.002730 10
2.431666 2
0.043899 128
2.851971 1
0.191726 1
0.247046 1
0.154950 1
0.130598 1
0.076262 1
1.921204 1
0.099747 1
0.810977 1
0.059768 1
0.310296 11
0.001616 58
0.001240 61
0.000195 8
0.000159 120
37.502520 1
0.156269 1
0.568978 1
0.115506 1
0.133730 1
0.154928 1
0.291328 1
0.165156 1
0.093985 1
0.131663 1
0.644805 1
0.287356 11
0.002618 10
3.916448 2
0.028636 131
4.149713 2
0.029739 14
2.393328 23
2.587020 2
0.058690 128
3.633546 1
0.043009 1
0.167911 1
0.317257 1
0.198382 1
0.117439 1
0.703819 1
0.176550 1
0.115951 1
0.108150 1
0.723505 1
1.955961 11
0.002761 10
3.584100 2
0.045774 128
8.947003 1
0.081800 1
2.218075 11
0.001531 38
0.000304 128
5.817296 1
0.079909 1
0.137315 1
1.860937 4
0.143763 4
0.143498 4
0.154462 1
0.083241 1
0.181606 1
0.055006 1
0.069660 1
1.021091 1
0.095231 1
0.081728 1
0.230822 10
0.417583 4
0.165408 4
0.536191 4
0.031929 4
0.029900 4
0.031411 4
0.029633 4
0.032103 4
0.029327 4
0.043858 4
0.030229 4
0.032301 4
0.029351 4
0.161033 4
0.168931 4
0.219254 1
0.589510 1
0.346893 1
0.344851 1
0.236605 10
0.298008 11
0.001372 7
0.000271 128
2.587438 1
0.107593 1
0.142135 1
0.061424 1
0.932823 4
0.158784 4
0.144802 4
0.146743 4
0.133327 1
0.609807 1
0.107836 1
0.308423 1
0.422375 4
0.098586 1
0.060440 1
0.128973 1
0.050665 1
0.945104 1
0.349864 1
0.047973 1
0.251309 11
0.000754 36
0.000363 128
2.801837 1
0.077192 1
0.118451 11
0.001601 38
0.000231 8
0.000020 120
107.629359 1
0.140196 1
0.529858 1
0.271121 1
0.200912 1
0.107821 1
0.286558 1
0.286798 1
0.825228 1
0.070773 1
0.793315 1
0.594640 11
0.003255 10
2.634506 2
0.045850 128
0.974078 1
0.078362 1
0.110447 11
0.001379 50
0.000434 128
114.710207 1
0.689753 1
0.244028 1
0.239428 1
1.972392 4
0.528722 4
0.030034 4
0.030501 4
0.030591 1
34.029275 1
0.207706 1
0.118813 1
0.149841 1
0.295290 17
0.001877 128
5.494631 1
0.084029 1
0.193097 1
0.205506 1
0.493316 1
0.392803 1
0.200628 1
0.366536 4
0.221129 1
0.124163 1
0.610419 1
1.059768 1
1.276912 1
0.240128 1
2.167912 1
0.125615 1
1.105141 4
0.152150 4
1.780215 1
0.115783 1
0.159162 1
0.181555 1
0.261629 1
0.271321 1
0.548254 1
0.191868 1
2.377553 1
1.760622 1
0.217192 1
0.796550 1
0.400569 1
0.766639 1
1.355588 1
0.911522 4
0.149879 4
0.145599 4
0.144069 4
0.158215 4
0.507145 4
0.206072 4
0.164089 4
0.533007 4
0.028783 4
0.037054 4
0.023916 4
0.028980 4
0.029788 4
0.031629 4
0.031116 4
0.029850 4
0.028805 4
0.031074 4
0.030314 4
0.030521 4
0.049067 4
0.023565 4
0.031135 4
0.029766 4
0.031354 1
0.028635 1
0.034196 1
0.029301 1
0.030728 1
0.029969 1
0.030247 1
0.030411 1
0.029789 1
0.031187 1
0.029996 1
2.046431 1
0.084242 1
0.168948 11
0.002013 38
0.000223 128
1.566693 1
0.088744 1
2.745525 1
0.213861 1
0.525404 4
0.208410 1
0.181475 1
0.568260 1
0.198244 1
0.186272 1
0.202000 1
0.397039 1
0.363757 1
2.934908 1
0.163077 1
0.157215 1
1.297917 1
0.243192 1
0.416723 1
0.203499 11
0.000040 66
0.000166 128
1.573459 17
0.109112 1
0.807351 7
0.197257 3
0.521601 77
0.000173 128
6.263464 1
0.060672 1
0.113733 1
0.363658 1
0.182584 1
0.162569 1
0.116428 1
0.105025 1
0.099825 1
0.085225 1
0.084561 1
0.329407 11
0.003385 10
2.371705 2
0.043349 36
0.000086 128
7.575891 1
0.036956 1
0.160818 1
0.181323 1
1.337688 1
0.313177 1
0.075370 1
0.098228 1
0.752745 4
0.154054 4
0.151865 4
0.135443 4
0.147789 4
0.128056 4
0.153541 4
0.140409 4
0.148698 1
0.405920 1
0.077845 1
0.110292 11
0.001607 50
0.000237 128
4.122784 1
0.031618 1
1.574028 11
0.000087 82
1.263661 1
0.086233 1
0.710267 1
0.173833 1
0.189937 1
0.185342 1
0.854550 1
0.162169 1
0.183258 1
1.309967 1
0.304487 1
0.355707 4
0.148205 4
0.072745 1
0.154224 1
0.210955 1
0.124538 1
0.474573 1
0.119927 1
0.276108 11
0.000224 108
2.423785 1
0.083385 1
0.125129 11
0.001556 163
0.000200 108
3.418814 1
0.086047 1
0.963351 4
0.088544 1
0.152078 1
0.103202 1
0.431154 4
0.088469 1
0.461072 1
0.499688 1
0.089548 1
0.089063 1
0.325052 1
0.606950 1
0.344181 1
0.091799 1
0.137738 1
0.161175 1
0.165416 1
0.199698 1
0.165503 11
1.265770 1
0.258271 9
0.638520 11
0.002748 963
0.000403 108
11.616733 1
0.177917 1
0.104798 1
0.094565 1
0.764420 1
0.749965 1
0.100308 1
0.237855 20
1.264171 1
0.185612 9
3.995622 11
0.005916 972
0.000211 108
15.373437 1
0.067046 1
0.253299 4
0.151629 4
0.141940 1
0.080895 1
0.155601 1
0.055076 1
0.110830 1
0.209367 1
0.433109 4
0.059991 1
0.146691 1
0.144965 1
0.139608 1
0.209689 1
0.104965 1
62.098615 11
0.023516 16
0.000432 267
0.000020 48
0.000056 274
0.000472 108
4.963223 1
0.088875 1
0.092317 1
0.147021 1
0.044096 1
0.167890 1
0.174333 1
0.044967 1
0.095039 1
2.730074 11
0.011416 108
0.938020 1
0.088989 1
0.074907 1
0.112426 1
0.171176 1
0.072757 1
0.170170 1
0.125319 1
0.158190 1
0.092187 1
0.105210 1
0.626023 1
0.265030 1
0.684670 1
0.233787 1
0.441444 1
0.219860 1
0.163575 1
0.080652 1
0.673365 1
0.208972 1
0.348102 1
0.788246 3
0.388390 4
0.379724 11
0.023218 30
0.003307 200
0.000408 108
1.447872 4
0.245449 3
0.086487 3
0.730337 5
0.131026 5
0.162394 4
0.155725 5
0.232303 1
0.093269 1
0.130388 1
0.123639 1
0.420557 1
0.079821 1
0.159170 1
0.936729 4
0.151745 4
0.142007 4
0.333669 1
0.182264 1
0.144960 1
0.049291 1
0.215028 1
0.194219 1
0.091123 1
0.136130 1
0.081671 1
0.094330 1
0.155029 1
0.290701 4
0.146055 4
0.134618 4
0.551967 1
0.039380 1
0.158904 1
0.125534 1
0.149655 1
0.081989 1
0.115512 1
0.081766 1
0.689174 11
0.646378 122
0.000049 60
0.000276 294
0.000222 64
0.001424 32
0.001757 128
0.000069 32
0.000196 40
0.000190 56
0.000101 28
0.003279 28
0.000014 28
0.000144 28
0.002449 28
0.000014 28
0.000068 114
0.665420 194
0.032583 97
0.006853 108
46.156171 1
0.196991 1
0.146177 1
0.088961 1
0.257444 11
0.000028 6
0.001657 128
2.375249 1
0.212710 1
0.074913 1
0.143030 1
0.214760 17
0.001509 128
0.674704 1
0.194962 1
0.075838 1
0.117333 1
0.144427 17
0.001684 128
5.163682 17
0.001623 102
